32 32
15 15 15 15 15 15 15 15 15 15 15 15 15 15 15 15 15 15 15 15 15 15 15 15 15 15 15 15 15 15 15 15 
15 15 15 15 15 15 15 15 15 15 15 15 15 15 15 15 15 15 15 15 15 15 15 15 15 15 15 15 15 15 15 15 
15 15 15 15 0 0 0 0 0 0 0 0 0 0 0 0 0 0 0 0 0 0 0 0 0 0 0 0 15 15 15 15 
15 15 15 0 0 0 0 0 0 0 0 0 0 0 0 0 0 0 0 0 0 0 0 0 0 0 0 0 0 15 15 15 
15 15 0 0 0 11 11 11 11 11 11 11 11 11 11 11 11 11 11 11 11 11 11 11 11 11 11 0 0 0 15 15 
15 15 0 0 11 11 7 7 7 7 7 7 7 7 7 7 7 7 7 7 7 7 7 7 7 7 11 11 0 0 15 15 
15 15 0 0 11 7 7 7 7 7 7 7 7 7 7 7 7 7 7 7 7 7 7 7 7 7 7 11 0 0 15 15 
15 15 0 0 11 7 7 7 7 7 7 7 7 7 8 8 8 8 7 7 7 7 7 7 7 7 7 11 0 0 15 15 
15 15 0 0 11 7 7 7 7 7 7 7 7 8 8 8 11 8 8 7 7 7 7 11 7 7 7 11 0 0 15 15 
15 15 0 0 11 7 7 7 7 7 7 7 8 8 8 11 8 8 8 8 7 7 11 7 7 7 7 11 0 0 15 15 
15 15 0 0 11 7 7 7 7 7 7 7 8 8 11 8 8 8 8 8 7 11 7 7 7 7 7 11 0 0 15 15 
15 15 0 0 11 7 7 7 7 7 7 7 8 11 8 8 8 8 8 8 11 7 7 7 7 7 7 11 0 0 15 15 
15 15 0 0 11 7 7 7 7 7 7 7 11 8 8 8 8 8 8 11 7 7 7 7 7 7 7 11 0 0 15 15 
15 15 0 0 11 7 7 7 7 7 7 11 7 8 8 8 8 8 11 7 7 7 7 7 7 7 7 11 0 0 15 15 
15 15 0 0 11 7 7 7 7 7 7 7 7 7 8 8 8 11 7 7 7 7 7 7 7 7 7 11 0 0 15 15 
15 15 0 0 11 7 7 7 7 7 7 8 8 8 8 8 11 8 8 8 8 7 7 7 7 7 7 11 0 0 15 15 
15 15 0 0 11 7 7 7 7 7 8 8 8 8 8 11 8 8 8 8 8 8 11 7 7 7 7 11 0 0 15 15 
15 15 0 0 11 7 7 7 7 8 8 8 8 8 11 8 8 8 8 8 8 11 8 7 7 7 7 11 0 0 15 15 
15 15 0 0 11 7 7 7 7 8 8 8 8 11 8 8 8 8 8 8 11 8 8 7 7 7 7 11 0 0 15 15 
15 15 0 0 11 7 7 7 7 8 8 8 11 8 8 8 8 8 8 11 8 8 8 7 7 7 7 11 0 0 15 15 
15 15 0 0 11 7 7 7 7 8 8 11 8 8 8 8 8 8 11 8 7 8 8 7 7 7 7 11 0 0 15 15 
15 15 0 0 11 7 7 7 7 8 11 7 8 8 8 8 8 11 8 8 7 8 8 7 7 7 7 11 0 0 15 15 
15 15 0 0 11 7 7 7 7 8 8 7 8 8 8 8 8 8 8 8 7 8 8 7 7 7 7 11 0 0 15 15 
15 15 0 0 11 7 7 7 7 8 8 7 8 8 8 8 8 8 8 8 7 8 8 7 7 7 7 11 0 0 15 15 
15 15 0 0 11 11 11 11 11 11 11 11 11 11 11 11 11 11 11 11 11 11 11 11 11 11 11 11 0 0 15 15 
15 15 0 0 0 0 0 0 0 0 0 0 0 0 0 0 0 0 0 0 0 0 0 0 0 0 0 0 0 0 15 15 
15 15 0 0 0 0 0 0 0 0 0 0 0 0 0 0 0 0 0 0 0 0 0 0 0 0 0 0 0 0 15 15 
15 15 0 0 2 2 2 2 2 2 2 2 2 2 2 2 2 2 2 2 2 2 2 2 2 2 2 2 0 0 15 15 
15 15 0 0 2 2 2 2 2 2 2 2 2 2 2 2 2 2 2 2 2 2 2 2 2 2 2 2 0 0 15 15 
15 15 0 0 2 2 2 2 2 2 2 2 2 2 2 2 2 2 2 2 2 2 2 2 2 2 2 2 0 0 15 15 
15 15 6 6 0 0 0 0 0 0 0 0 0 0 0 0 0 0 0 0 0 0 0 0 0 0 0 0 6 6 15 15 
15 15 6 6 0 0 0 0 0 0 0 0 0 0 0 0 0 0 0 0 0 0 0 0 0 0 0 0 6 6 15 15 
