32 32
15 15 15 15 15 15 15 15 15 15 0 0 0 0 0 0 0 0 0 0 0 0 15 15 15 15 15 15 15 15 15 15 
15 15 15 15 15 15 15 15 15 15 0 0 0 0 0 0 0 0 0 0 0 0 15 15 15 15 15 15 15 15 15 15 
15 15 15 15 15 15 15 15 0 0 4 4 4 4 4 4 4 4 4 4 4 4 0 0 0 0 0 0 15 15 15 15 
15 15 15 15 15 15 15 15 0 0 4 4 4 4 4 4 4 4 4 4 4 4 0 0 0 0 0 0 15 15 15 15 
15 15 15 15 15 15 0 0 4 4 4 4 4 4 4 4 4 4 4 4 4 4 4 4 0 0 15 15 15 15 15 15 
15 15 15 15 15 15 0 0 4 4 4 4 4 4 4 4 4 4 4 4 4 4 4 4 0 0 15 15 15 15 15 15 
15 15 15 15 15 15 0 0 4 4 4 4 4 4 4 4 4 4 4 4 4 4 4 4 0 0 0 0 0 0 15 15 
15 15 15 15 15 15 0 0 4 4 4 4 4 4 4 4 4 4 4 4 4 4 4 4 0 0 0 0 0 0 15 15 
15 15 15 15 0 0 0 0 4 4 4 4 4 4 4 4 4 4 4 4 4 4 4 4 0 0 0 0 15 15 15 15 
15 15 15 15 0 0 0 0 4 4 4 4 4 4 4 4 4 4 4 4 4 4 4 4 0 0 0 0 15 15 15 15 
15 15 15 15 0 0 0 0 0 0 4 4 15 15 15 15 15 15 15 15 4 4 0 0 0 0 0 0 15 15 15 15 
15 15 15 15 0 0 0 0 0 0 4 4 15 15 15 15 15 15 15 15 4 4 0 0 0 0 0 0 15 15 15 15 
15 15 0 0 12 12 0 0 0 0 0 0 0 0 0 0 0 0 0 0 0 0 0 0 0 0 12 12 0 0 15 15 
15 15 0 0 12 12 0 0 0 0 0 0 0 0 0 0 0 0 0 0 0 0 0 0 0 0 12 12 0 0 15 15 
15 15 0 0 12 12 12 12 0 0 4 4 4 4 4 4 4 4 4 4 4 4 0 0 12 12 12 12 0 0 15 15 
15 15 0 0 12 12 12 12 0 0 4 4 4 4 4 4 4 4 4 4 4 4 0 0 12 12 12 12 0 0 15 15 
15 15 15 15 0 0 0 0 0 0 0 0 0 0 0 0 0 0 0 0 0 0 0 0 0 0 0 0 15 15 15 15 
15 15 15 15 0 0 0 0 0 0 0 0 0 0 0 0 0 0 0 0 0 0 0 0 0 0 0 0 15 15 15 15 
15 15 15 15 15 15 0 0 0 0 0 0 0 0 0 0 0 0 0 0 0 0 0 0 0 0 15 15 15 15 15 15 
15 15 15 15 15 15 0 0 0 0 0 0 15 7 15 7 15 7 15 7 0 0 0 0 0 0 15 15 15 15 15 15 
15 15 15 15 0 0 1 1 0 0 0 15 3 3 3 3 3 3 3 3 15 0 0 0 1 1 0 0 15 15 15 15 
15 15 15 15 0 0 1 1 0 0 15 7 3 3 15 7 15 7 3 3 7 15 0 0 1 1 0 0 15 15 15 15 
15 15 0 0 12 12 0 0 0 0 3 3 3 7 3 3 3 3 7 3 3 3 0 0 0 0 12 12 0 0 15 15 
15 15 0 0 12 12 0 0 0 0 3 3 3 3 3 3 3 3 3 3 3 3 0 0 0 0 12 12 0 0 15 15 
15 15 0 0 12 12 0 0 1 1 0 3 3 7 15 7 15 7 15 3 3 0 1 1 0 0 12 12 0 0 15 15 
15 15 0 0 12 12 0 0 1 1 0 3 3 3 3 3 3 3 3 3 3 0 1 1 0 0 12 12 0 0 15 15 
15 15 15 15 0 0 0 0 0 0 0 0 0 0 0 0 0 0 0 0 0 0 0 0 0 0 0 0 0 15 15 15 
15 15 15 15 0 0 0 0 0 0 0 0 0 0 0 0 0 0 0 0 0 0 0 0 0 0 0 0 15 15 15 15 
15 15 15 15 15 15 0 0 8 8 8 8 0 0 0 0 0 0 0 0 8 8 8 8 0 0 15 15 15 15 15 15 
15 15 15 15 15 15 0 0 8 8 8 8 0 0 0 15 15 0 0 0 8 8 8 8 0 0 15 15 15 15 15 15 
15 15 15 15 15 15 15 15 0 0 0 0 0 0 15 15 15 15 0 0 0 0 0 0 15 15 15 15 15 15 15 15 
15 15 15 15 15 15 15 15 0 0 0 0 0 15 15 15 15 15 15 0 0 0 0 0 15 15 15 15 15 15 15 15 
