32 32
15 15 15 15 15 15 15 15 15 15 0 0 0 0 0 0 0 0 0 0 0 0 15 15 15 15 15 15 15 15 15 15 
15 15 15 15 15 15 15 15 15 15 0 0 0 0 0 0 0 0 0 0 0 0 15 15 15 15 15 15 15 15 15 15 
15 15 15 15 15 15 15 15 0 0 4 4 4 4 4 4 4 4 4 4 4 4 0 0 15 15 15 15 15 15 15 15 
15 15 15 15 15 15 15 15 0 0 4 4 4 4 4 4 4 4 4 4 4 4 0 0 15 15 15 15 15 15 15 15 
15 15 0 0 0 0 0 0 4 4 4 4 4 4 4 4 4 4 4 4 4 4 4 4 0 0 15 15 15 15 15 15 
15 15 0 0 0 0 0 0 4 4 4 4 4 4 4 4 4 4 4 4 4 4 4 4 0 0 15 15 15 15 15 15 
15 15 15 15 15 15 0 0 0 0 4 4 4 4 4 4 4 4 4 4 4 4 7 7 7 7 0 0 0 0 15 15 
15 15 15 15 15 15 0 0 0 0 4 4 4 4 4 4 4 4 4 4 4 4 7 7 7 7 0 0 0 0 15 15 
15 15 0 0 0 0 0 0 0 0 0 0 4 4 4 4 4 4 4 4 7 7 7 7 7 7 4 4 4 4 0 0 
15 15 0 0 0 0 0 0 0 0 0 0 4 4 4 4 4 4 4 4 7 7 7 7 7 7 4 4 4 4 0 0 
15 15 15 15 0 0 0 0 0 0 0 0 0 0 0 0 4 4 4 4 4 4 4 4 4 4 0 0 0 0 15 15 
15 15 15 15 0 0 0 0 0 0 0 0 0 0 0 0 4 4 4 4 4 4 4 4 4 4 0 0 0 0 15 15 
15 15 0 0 15 15 0 0 12 12 0 0 12 12 0 0 0 0 0 0 0 0 0 0 0 0 0 0 15 15 15 15 
15 15 0 0 15 15 0 0 12 12 0 0 12 12 0 0 0 0 0 0 0 0 0 0 0 0 0 0 15 15 15 15 
15 15 15 15 15 15 0 0 12 12 0 0 12 12 0 0 0 0 12 12 12 12 0 0 0 0 0 0 15 15 15 15 
15 15 15 15 15 15 0 0 12 12 0 0 12 12 0 0 0 0 12 12 12 12 0 0 0 0 0 0 15 15 15 15 
15 15 15 15 15 15 0 0 12 12 12 12 12 12 0 0 12 12 12 12 12 12 0 0 0 0 15 15 15 15 15 15 
15 15 15 15 15 15 0 0 12 12 12 12 12 12 0 0 12 12 12 12 12 12 0 0 0 0 15 15 15 15 15 15 
15 15 15 15 15 15 15 15 0 0 12 12 12 12 12 12 12 12 0 0 0 0 0 0 15 15 15 15 15 15 15 15 
15 15 15 15 15 15 15 15 0 0 12 12 12 12 12 12 12 12 0 0 0 0 0 0 15 15 15 15 15 15 15 15 
15 15 15 15 15 15 15 15 15 15 0 0 0 0 0 0 0 0 0 0 3 3 3 3 0 0 15 15 15 15 15 15 
15 15 15 15 15 15 15 15 15 15 0 0 0 0 0 0 0 0 0 0 3 3 7 8 0 0 15 15 15 15 15 15 
15 15 15 15 15 15 15 15 15 15 0 0 1 1 0 0 0 0 0 0 7 8 3 3 0 0 15 15 15 15 15 15 
15 15 15 15 15 15 15 15 15 15 0 0 1 1 0 0 0 0 0 0 3 3 3 3 0 0 15 15 15 15 15 15 
15 15 15 15 15 15 15 15 15 15 15 15 0 0 12 12 12 12 0 0 3 3 3 3 0 0 15 15 15 15 15 15 
15 15 15 15 15 15 15 15 15 15 15 15 0 0 12 12 12 12 0 0 3 3 3 3 0 0 15 15 15 15 15 15 
15 15 15 15 15 15 15 15 15 15 0 0 0 0 12 12 12 12 0 0 0 0 0 0 15 15 15 15 15 15 15 15 
15 15 15 15 15 15 15 15 15 15 0 0 0 0 12 12 12 12 0 0 0 0 0 0 15 15 15 15 15 15 15 15 
15 15 15 15 15 15 15 15 0 0 8 8 8 8 0 0 0 0 1 1 0 0 15 15 15 15 15 15 15 15 15 15 
15 15 15 15 15 15 15 15 0 0 8 8 8 8 0 0 0 0 1 1 0 0 15 15 15 15 15 15 15 15 15 15 
15 15 15 15 15 15 15 15 15 15 0 0 0 0 0 0 0 0 0 0 15 15 15 15 15 15 15 15 15 15 15 15 
15 15 15 15 15 15 15 15 15 15 0 0 0 0 0 0 0 0 0 0 15 15 15 15 15 15 15 15 15 15 15 15 
